origineel:
0000 1
0001 000101
0010 001111
0011 00001
0100 000000
0101 00100
0110 00000100
0111 001101
1000 000100
1001 00000101
1010 00011
1011 001110
1100 00101
1101 001100
1110 0000011
1111 01

gesorteerd:

0000 1
1111 01
0011 00001
0101 00100
1010 00011
1100 00101
0001 000101
0010 001111
0100 000000
0111 001101
1000 000100
1011 001110
1101 001100
1110 0000011
0110 00000100
1001 00000101

vervangen:

0000 0
1111 10
0011 11000
0101 11001
1010 11010
1100 11011
0001 111000
0010 111001
0100 111010
0111 111011
1000 111100
1011 111101
1101 111110
1110 1111110
0110 11111110
1001 11111111

sorteren:

0000 0
0001 111000
0010 111001
0011 11000
0100 111010
0101 11001
0110 11111110
0111 111011
1000 111100
1001 11111111
1010 11010
1011 111101
1100 11011
1101 111110
1110 1111110
1111 10